 24.53   6.14
 30.53   5.73
 28.72   5.82
 16.35   9.35
 18.71  13.88
 14.05  16.05
  8.66  21.50
 13.52  22.73
 10.51  24.74
  9.79  23.88
 11.33  25.23
  9.76  24.43
  9.70  29.28
 61.10   2.78
 54.81   9.92
 38.30  17.41
 40.25  17.65
 26.34  33.26
 26.17  32.96
 24.67  33.94
 25.00  38.21
 23.80  37.07
 26.03  43.35
 25.90  43.45
 29.26  43.87
  4.31  61.45
 22.94  49.83
 29.28  47.23
 29.98  52.71
 28.09  52.70
 21.27  57.19
 21.99  55.14
 21.01  55.68
 17.60  61.67
 20.71  61.99
 69.77   6.33
 62.71   9.56
 68.40  10.18
 69.16  10.03
 68.30  10.46
 64.91  13.07
 69.62  24.52
 67.97  25.86
 69.82  28.98
 66.90  29.30
 70.21  28.74
 73.65  29.28
 73.71  29.85
 77.02  29.16
 77.41  29.59
 74.54  30.07
103.28  15.98
101.74  17.86
108.80  22.72
107.61  22.96
 95.74  26.24
 95.04  25.14
 99.86  24.88
 99.07  25.66
 99.73  24.36
 99.67  24.72
100.44  24.74
111.33  16.88
111.39  17.16
114.90  22.40
115.33  21.00
116.26  21.45
115.56  20.81
124.38  20.86
112.55  25.18
110.88  24.78
115.22  27.04
116.11  26.00
114.77  25.05
117.02  29.70
115.16  29.29
 76.04  99.47
 69.15 123.23
 73.67 119.40
103.86  98.89
103.48 100.31
111.10  96.43
119.13 109.52
166.53   3.26
166.22   0.70
168.95   1.39
170.81   2.65
169.47   4.88
163.38   9.62
159.60  14.08
158.51  13.42
157.28  14.13
161.48  13.91
162.36  12.42
161.69  13.68
162.35  13.99
173.10   0.52
174.80   1.70
175.24   2.09
177.85   2.38
176.97   2.06
178.65   4.58
178.58   5.62
177.99   5.22
178.00  10.07
162.92  25.82
157.05  28.67
159.56  37.31
158.72  35.70
163.43  36.50
157.74  45.14
158.65  46.00
159.15  45.87
164.53  48.29
166.70  49.04
167.62  49.15
170.00  53.70
220.66  17.41
224.33  18.69
232.10  24.77
239.50  30.05
245.45  24.51
248.56  28.95
241.56  53.21
244.22  55.83
135.12  72.48
135.30  73.26
150.95  63.06
148.77  64.25
155.25  68.94
154.10  69.29
153.89  68.48
145.66  72.47
142.27  75.26
142.59  77.71
126.52  84.48
127.42  83.67
130.13  87.82
130.72  89.30
129.65  87.65
130.53  89.04
131.42  87.57
131.10  87.51
127.21 106.90
146.98 122.15
145.98 122.23
158.34  95.88
158.20  94.04
160.60  99.69
165.16 100.22
158.47 114.03
166.36 111.37
169.82 124.79
181.48 115.49
165.80 126.84
158.39 135.08
180.90 131.37
185.80 130.76
184.83 130.98
185.74 129.92
173.92 139.06
173.60 136.93
176.92 143.82
174.50 144.69
178.56 147.02
175.34 150.36
178.80 149.22
173.06 154.30
169.72 171.84
159.52 177.64
165.38 173.70
178.85 178.17
178.94 181.64
146.72 197.06
142.52 201.99
151.93 201.18
146.60 208.39
157.87 197.95
161.09 203.42
162.71 204.83
158.14 209.50
163.44 216.21
160.53 217.48
239.66 201.25
220.35 224.10
248.05 219.67
252.16  16.98
263.80  26.89
259.01  29.14
309.29  41.10
291.06  58.28
294.91  56.45
271.61  94.94
277.31 103.53
274.49 103.95
275.78 102.73
275.53 104.75
275.30 104.20
275.52 104.82
278.58 107.27
253.06 110.14
252.10 109.75
255.83 114.40
255.46 113.86
264.66 110.55
262.83 110.73
264.14 115.20
256.77 123.12
291.28  96.42
291.50  96.52
290.06  99.99
291.82  99.50
292.35  99.46
291.50  99.94
292.38  98.89
295.67 111.65
296.59 115.25
295.39 115.00
291.30 118.99
292.25 119.85
296.01 122.99
294.30 122.73
295.11 122.69
314.57  64.10
320.83  64.44
326.37  64.18
320.73  68.14
320.58  68.48
328.96  65.28
335.13  63.13
334.45  68.20
334.54  68.56
341.14  71.80
339.04  76.39
337.31  76.16
337.73  76.29
319.23  87.65
318.30  87.67
349.82  66.77
349.95  84.29
354.82  79.29
352.21  83.98
344.23  92.08
361.38  78.46
365.71  79.66
374.60  80.41
368.70  84.45
384.75   2.22
385.04   1.97
390.01   9.91
387.19  10.45
389.23  10.88
388.86   8.26
385.59  15.25
384.68  14.31
392.83  14.65
378.39  29.05
408.44  11.60
415.93  10.57
415.21   9.97
416.43  12.17
428.62   2.05
423.80   4.89
427.55  11.02
429.24   9.70
427.28  13.65
415.17  22.05
476.32  36.87
400.77  65.52
399.28  68.83
403.74  80.51
392.31  86.89
400.41  88.60
416.54  94.76
419.94  99.59
419.87 101.22
420.11 100.50
420.84  99.69
418.46 104.65
424.79  99.53
431.41 107.49
432.02 105.82
416.55 122.97
451.00 153.15
464.31 146.43
462.75 145.77
488.88 166.28
489.31 169.13
472.27 185.48
422.37 190.02
427.13 208.34
436.14 212.81
408.14 232.45
418.76 248.81
485.58 221.48
253.65 298.94
252.64 299.61
293.97 295.26
284.16 314.28
283.25 315.02
281.31 314.74
282.66 317.01
287.02 326.85
311.32 313.33
311.85 314.56
307.48 318.96
307.04 324.97
271.51 369.87
277.57 369.44
287.70 345.00
314.35 314.46
318.62 318.97
326.29 318.62
315.14 328.93
314.10 338.21
317.42 338.84
345.51 313.20
361.40 333.53
366.48 334.08
392.29 251.79
402.65 252.18
377.47 267.02
376.38 271.05
384.14 276.31
385.34 275.48
388.25 274.15
412.45 291.19
404.29 317.61
408.12 323.63
409.73 321.93
407.97 320.42
412.67 322.18
411.23 323.44
414.58 325.06
416.09 326.28
416.30 326.76
419.32 326.18
419.97 326.47
421.20 325.53
413.06 334.96
421.63 330.50
415.88 334.15
408.09 338.82
411.68 338.58
430.94 333.70
432.43 334.67
430.10 334.16
436.55 334.15
435.11 334.25
436.89 334.35
436.35 333.00
423.54 341.89
424.36 340.90
424.19 341.92
399.57 345.51
400.89 344.38
400.34 347.51
400.21 346.13
403.40 345.92
404.00 346.44
399.23 353.91
401.87 353.32
400.75 357.11
400.31 357.78
376.11 365.86
391.35 362.13
395.45 361.33
396.38 365.65
403.68 361.32
399.73 365.33
404.32 372.03
478.55 314.49
477.36 314.44
479.03 315.25
478.45 313.82
481.99 313.79
482.65 314.86
479.43 318.92
480.21 318.06
478.67 319.24
477.82 322.78
480.21 325.90
479.04 326.17
478.10 327.02
477.08 325.89
478.97 324.54
480.82 326.63
482.88 324.59
492.06 318.72
494.03 325.23
494.07 330.73
494.82 330.03
497.52 330.53
499.91 330.26
497.03 333.31
499.51 333.14
497.80 334.84
497.36 333.12
488.17 338.12
486.82 343.25
490.34 342.23
490.70 342.55
491.15 341.93
438.58 345.90
439.79 345.02
460.00 350.15
455.12 353.51
454.50 356.63
462.80 351.85
463.03 351.84
462.86 355.20
466.91 354.97
466.73 354.00
458.32 368.90
457.52 369.52
460.04 369.45
455.30 372.52
454.93 373.18
455.58 373.05
459.48 371.88
465.44 369.20
466.66 369.81
467.60 368.11
462.99 374.27
376.40 378.02
380.07 376.24
381.98 376.29
381.94 376.96
382.61 380.99
384.47 383.49
388.65 385.68
384.59 388.15
394.11 388.71
376.69 394.19
376.75 397.09
381.36 397.04
388.60 392.72
388.30 394.91
407.92 376.30
408.86 377.56
409.06 377.39
409.30 379.73
408.77 380.94
408.74 380.83
408.80 381.26
409.46 381.32
416.66 377.00
415.32 380.53
415.86 379.65
417.62 380.74
415.68 381.44
419.95 388.59
415.65 404.08
431.09 395.34
423.84 427.68
444.09 375.81
444.44 377.54
441.93 376.01
438.96 380.82
439.39 388.71
439.33 389.60
448.62 392.45
447.50 398.13
439.69 400.39
440.02 400.01
438.73 399.89
438.19 400.37
441.84 404.07
442.68 404.00
482.54 393.92
455.69 407.27
455.76 411.23
454.49 412.05
456.00 413.08
455.10 412.62
455.15 411.52
452.58 431.77
452.60 435.79
452.15 436.05
467.27 425.50
466.31 424.03
464.18 427.59
461.56 427.06
462.97 426.73
453.53 431.28
455.75 430.89
454.32 439.65
460.55 442.88
459.12 443.86
462.97 438.72
467.38 440.74
465.85 462.84
450.92 483.19
461.81 474.15
462.89 473.20
456.61 478.37
455.28 489.16
896.38  12.09
953.55   6.58
966.81  16.37
954.28  28.63
954.17  29.14
991.30  41.19
947.36  65.76
978.10  64.33
995.30  76.57
757.05 216.91
779.70 208.70
830.47 205.72
820.43 220.71
822.19 234.22
961.46 170.19
970.65 197.00
732.79 303.41
747.72 316.87
583.98 401.18
597.93 388.67
600.00 393.88
615.60 450.94
618.52 448.08
585.35 498.36
739.93 392.48
696.52 407.59
642.21 455.51
643.19 462.68
661.85 485.37
939.47 255.93
938.92 259.63
962.25 251.76
957.56 264.08
943.33 306.97
954.77 306.99
924.35 327.32
938.32 368.05
974.99 410.72
974.16 412.22
892.43 491.12
986.32 446.55
970.73 454.06
973.49 462.66
986.55 497.81
992.89 493.59
278.82 513.31
259.26 536.19
259.84 546.39
279.14 536.18
280.84 536.66
275.81 548.85
273.88 548.12
274.22 560.91
275.43 560.78
275.30 561.26
274.87 561.33
275.38 559.81
279.64 561.11
279.25 559.55
288.06 533.23
295.11 533.19
293.71 533.18
296.59 537.11
294.48 537.08
296.03 537.11
295.54 540.95
290.45 552.32
293.35 552.78
294.77 551.68
295.66 553.54
293.22 552.75
293.89 560.56
294.79 560.45
294.15 563.83
294.91 567.46
294.70 568.97
300.86 588.00
294.56 611.95
293.97 610.98
290.59 615.36
291.35 623.58
298.71 623.15
326.58 583.44
333.67 584.46
345.02 564.54
353.46 569.64
353.71 566.62
359.33 568.45
357.58 567.81
352.64 572.78
354.58 571.69
356.54 576.35
356.89 577.01
357.84 576.43
356.48 575.76
360.68 581.44
361.18 579.14
361.21 585.73
364.90 588.78
365.42 587.32
361.15 592.40
361.91 591.58
363.22 591.80
349.76 604.66
349.13 603.17
344.50 607.25
345.13 606.42
344.53 607.14
345.97 606.39
349.76 606.43
354.25 602.84
353.70 603.30
358.91 603.76
357.12 603.28
356.65 603.47
356.61 603.38
361.21 611.81
361.81 611.03
361.86 610.92
361.41 614.05
361.63 614.49
373.76 623.80
392.68 546.34
415.96 532.95
436.28 532.77
433.66 532.77
422.67 544.42
431.09 553.20
380.56 570.82
380.81 576.25
385.72 571.39
388.62 577.56
383.49 580.25
391.44 579.61
396.35 593.23
403.08 588.33
405.33 603.79
391.26 615.27
400.27 612.54
399.61 612.02
403.78 611.37
400.29 615.64
400.33 618.21
403.91 618.71
404.11 624.49
424.30 596.79
474.65 578.92
491.91 619.31
333.71 635.07
324.38 646.23
327.06 646.64
337.68 644.39
337.75 646.25
251.87 691.38
283.67 694.15
291.65 691.11
294.88 688.09
295.63 689.50
295.31 693.04
294.58 694.84
291.75 697.17
290.24 700.79
290.52 699.65
297.34 701.67
299.64 700.34
309.70 700.84
272.34 720.30
271.59 724.77
272.97 725.33
275.68 732.18
275.07 731.39
280.60 733.20
279.06 732.85
250.55 737.00
259.89 734.98
259.22 737.51
260.63 736.74
263.99 741.86
265.30 748.06
262.24 748.04
279.29 744.40
278.13 743.56
279.59 748.19
279.39 749.15
350.57 708.28
348.72 708.75
353.56 704.78
357.45 703.75
356.09 704.98
357.60 704.19
358.22 704.14
362.30 705.01
362.61 705.35
365.57 709.76
361.35 714.58
359.94 716.84
361.01 716.40
360.38 716.39
365.73 716.52
365.67 716.68
312.93 725.28
313.98 724.70
314.27 723.21
315.88 725.87
319.03 724.35
318.73 725.09
323.28 729.13
322.30 728.90
322.12 728.54
322.56 729.94
326.58 731.24
326.35 731.45
326.15 731.39
325.32 732.59
324.35 732.39
337.88 720.27
336.86 720.71
341.26 724.08
342.25 724.33
340.39 724.36
341.50 725.83
330.37 728.84
334.85 729.50
335.49 727.68
334.31 739.30
349.93 721.07
360.88 747.26
360.50 748.11
365.63 747.65
126.48 759.72
129.98 767.42
134.82 768.73
137.91 772.67
143.32 767.57
141.14 768.19
143.79 775.29
157.90 787.90
158.29 785.71
170.22 796.19
169.83 794.28
169.51 794.32
169.11 794.66
166.02 802.48
165.47 802.03
170.06 802.94
170.21 803.44
165.76 808.00
169.98 807.44
170.01 807.85
205.20 752.51
201.62 780.76
235.15 758.61
236.67 761.47
239.42 763.93
239.91 764.55
236.86 767.61
241.16 771.70
236.24 773.59
238.57 775.46
242.08 774.86
241.43 779.83
240.11 779.25
220.72 785.76
220.70 785.57
225.01 786.42
231.96 783.33
233.01 787.62
232.99 787.07
245.08 782.88
248.49 783.33
246.96 787.48
243.72 791.95
248.05 792.78
247.87 790.72
244.10 796.70
244.14 796.63
133.86 818.48
133.19 822.33
 21.47 876.15
 21.42 881.22
 24.15 877.31
 25.63 879.56
 29.73 880.00
  3.60 896.54
  4.47 899.72
  3.74 903.97
  5.07 904.64
 32.15 881.61
 40.79 883.92
 51.23 876.62
 56.43 883.85
 49.60 893.43
 51.88 895.98
 56.00 900.08
 59.96 900.18
 29.56 933.43
 80.09 881.82
 88.11 888.90
 91.72 886.79
 92.23 888.75
 92.79 889.20
 76.23 894.06
 76.81 891.90
 77.63 896.38
 97.03 912.48
 99.63 911.63
100.24 912.45
 99.21 917.49
 98.90 915.71
 94.99 919.41
111.26 920.94
123.58 923.72
123.95 923.91
119.19 931.78
119.28 930.10
119.98 931.21
118.60 931.78
124.47 931.70
121.82 936.82
 68.49 954.55
 87.14 991.30
189.68 918.80
188.94 918.24
201.78 921.00
221.87 924.50
161.78 940.33
174.42 946.54
237.98 939.46
201.87 975.40
217.11 986.69
330.03 753.89
337.58 750.68
341.74 756.53
341.43 756.39
322.07 772.04
314.09 776.82
315.53 774.86
345.31 758.76
345.86 758.82
344.27 759.38
348.69 760.78
350.41 758.74
349.40 759.70
349.97 761.61
349.26 759.75
355.00 763.78
356.78 762.66
361.00 755.99
359.66 755.67
362.49 755.43
362.41 754.72
364.84 754.99
369.01 759.27
368.18 758.99
368.67 761.52
372.24 758.93
371.74 760.23
352.85 779.78
313.83 783.26
313.98 803.00
255.62 814.46
253.50 818.37
259.72 812.70
259.78 815.28
278.35 814.24
279.55 818.51
279.44 819.23
271.04 825.65
271.23 827.49
278.84 822.19
277.68 826.56
279.31 826.33
279.27 826.03
279.37 827.18
279.49 827.25
279.02 826.15
255.72 841.44
258.93 836.14
258.30 841.70
260.22 840.32
267.52 848.30
267.36 848.98
271.52 848.88
280.10 846.05
279.51 847.05
279.39 845.68
279.67 846.07
275.13 849.66
279.79 850.35
278.38 850.43
279.15 850.66
279.12 851.22
280.89 849.67
279.10 849.96
279.81 848.19
258.70 866.40
260.33 865.14
251.15 872.65
267.36 861.00
271.81 865.33
270.80 865.21
272.10 865.51
266.68 872.80
271.82 874.39
272.55 872.26
272.32 872.01
298.32 853.47
341.81 849.81
340.52 869.55
349.53 863.84
357.22 860.29
360.96 866.14
376.93 766.27
388.80 767.60
404.05 767.71
399.07 770.99
393.38 792.68
396.97 791.17
396.27 790.30
396.07 789.96
395.97 791.43
395.41 792.42
395.83 790.94
403.91 790.61
403.50 791.10
404.39 794.47
400.22 802.22
392.89 811.98
396.69 810.56
396.78 809.65
396.66 811.29
412.35 793.16
409.18 798.19
411.29 799.37
408.02 812.44
409.83 810.55
412.17 809.81
413.16 810.48
413.80 810.66
414.92 811.00
434.41 806.98
435.53 806.91
431.47 809.03
431.76 810.55
431.92 811.62
415.97 814.94
435.56 813.73
436.65 817.51
427.56 821.75
427.71 823.15
429.26 826.17
420.33 833.22
411.94 838.04
412.42 838.32
412.52 840.35
412.26 841.81
411.01 840.83
415.45 836.65
419.88 837.15
387.48 845.41
403.38 847.32
404.20 846.24
400.68 852.76
399.59 854.47
404.91 857.40
404.28 858.83
404.56 861.16
400.20 866.86
391.63 869.98
392.84 869.16
397.12 868.95
395.73 869.17
396.45 869.86
395.12 869.15
396.25 873.15
407.21 873.03
463.40 825.51
467.31 826.22
455.05 834.16
454.13 836.73
443.68 857.49
448.68 853.69
447.14 864.94
439.35 870.94
455.70 872.97
441.93 877.34
458.02 885.63
457.16 884.26
457.94 885.25
458.80 889.76
458.49 888.34
439.58 902.98
440.74 904.46
447.44 900.57
470.84 905.75
381.60 972.12
443.52 938.95
445.45 966.80
477.25 975.88
479.12 974.74
482.12 974.61
493.99 970.14
498.05 971.09
